   0.0000000000000000       -1.0000000000000711     
   2.9999999999999999E-002  -1.0002625084392982     
   5.9999999999999998E-002  -1.0010501351696941     
   8.9999999999999997E-002  -1.0023631859850035     
  0.12000000000000000       -1.0042021775107586     
  0.14999999999999999       -1.0065678515922767     
  0.17999999999999999       -1.0094612001628505     
  0.20999999999999999       -1.0128835027212544     
  0.23999999999999999       -1.0168363781536203     
  0.27000000000000002       -1.0213218518349720     
  0.29999999999999999       -1.0263424372767809     
  0.32999999999999996       -1.0319012285980920     
  0.35999999999999999       -1.0380019955263189     
  0.39000000000000001       -1.0446492666667611     
  0.41999999999999998       -1.0518483803014467     
  0.44999999999999996       -1.0596054764103258     
  0.47999999999999998       -1.0679274000348291     
  0.51000000000000001       -1.0768214852858542     
  0.54000000000000004       -1.0862951953749003     
  0.56999999999999995       -1.0963556173330558     
  0.59999999999999998       -1.1070084341968738     
  0.63000000000000000       -1.1182588300520140     
  0.65999999999999992       -1.1301088861329005     
  0.68999999999999995       -1.1425585177950415     
  0.71999999999999997       -1.1556050665669477     
  0.75000000000000000       -1.1692434188436243     
  0.78000000000000003       -1.1834663535734091     
  0.80999999999999994       -1.1982652101250759     
  0.83999999999999997       -1.2136308430142206     
  0.87000000000000000       -1.2295538807764819     
  0.89999999999999991       -1.2460227567877296     
  0.92999999999999994       -1.2630233510589743     
  0.95999999999999996       -1.2805419364212327     
  0.98999999999999999       -1.2985660826724890     
   1.0200000000000000       -1.3170842193194223     
   1.0500000000000000       -1.3366804195837261     
   1.0800000000000001       -1.3562122551077362     
   1.1099999999999999       -1.3761984395789524     
   1.1399999999999999       -1.3966264009791143     
   1.1699999999999999       -1.4174837427037421     
   1.2000000000000000       -1.4386539026411655     
   1.2300000000000000       -1.4603305549865258     
   1.2600000000000000       -1.4831098115146515     
   1.2900000000000000       -1.5055616730878729     
   1.3199999999999998       -1.5284782582959802     
   1.3499999999999999       -1.5517447040967902     
   1.3799999999999999       -1.5753483163523672     
   1.4099999999999999       -1.5992768075749317     
   1.4399999999999999       -1.6235182974077966     
   1.4700000000000000       -1.6480860565791418     
   1.5000000000000000       -1.6729269161088283     
   1.5300000000000000       -1.6980458967715035     
   1.5600000000000001       -1.7234307425040261     
   1.5899999999999999       -1.7490695624013017     
   1.6199999999999999       -1.7760478523294729     
   1.6499999999999999       -1.8021176255205915     
   1.6799999999999999       -1.8284573649579048     
   1.7100000000000000       -1.8549627303941190     
   1.7400000000000000       -1.8816579549902530     
   1.7700000000000000       -1.9084602823423307     
   1.7999999999999998       -1.9401820636918459     
   1.8299999999999998       -1.9671730418315354     
   1.8599999999999999       -1.9944323209020947     
   1.8899999999999999       -2.0218386295198298     
   1.9199999999999999       -2.0493795704085245     
   1.9500000000000000       -2.0770229633444415     
   1.9800000000000000       -2.1047731391997435     
   2.0099999999999998       -2.1326220740814952     
   2.0400000000000000       -2.1605815993974278     
   2.0699999999999998       -2.1886036443190497     
   2.1000000000000001       -2.2166983715708253     
   2.1299999999999999       -2.2452929684656264     
   2.1600000000000001       -2.2735119439993894     
   2.1899999999999999       -2.3017906617432096     
   2.2199999999999998       -2.3301255838483264     
   2.2500000000000000       -2.3585135451613457     
   2.2799999999999998       -2.3869516816267220     
   2.3100000000000001       -2.4154373813239309     
   2.3399999999999999       -2.4439682482323528     
   2.3700000000000001       -2.4725420740973862     
   2.3999999999999999       -2.5011568158600910     
   2.4299999999999997       -2.5298105771175972     
   2.4600000000000000       -2.5585015926166972     
   2.4899999999999998       -2.5872282150989916     
   2.5200000000000000       -2.6159889040108300     
   2.5499999999999998       -2.6447822157211220     
   2.5800000000000001       -2.6736067949764628     
   2.6099999999999999       -2.7024613673859430     
   2.6399999999999997       -2.7313447327703564     
   2.6699999999999999       -2.7602557592466734     
   2.6999999999999997       -2.7891933779408027     
   2.7300000000000000       -2.8181565782425313     
   2.7599999999999998       -2.8471444035307929     
   2.7900000000000000       -2.8761559473089942     
   2.8199999999999998       -2.9051903497018405     
   2.8500000000000001       -2.9342467942678270     
   2.8799999999999999       -2.9633245050947523     
   2.9099999999999997       -2.9924227441432483     
   2.9399999999999999       -3.0215408088148235     
   2.9699999999999998       -3.0506780297179064     
