                                        1 -0.83333333333333393     
                                        2 -0.77933975238378284     
                                        3 -0.82340828079152784     
                                        4 -0.84946548600351246     
                                        5 -0.87048915628803558     
                                        6 -0.89002249988908311     
                                        7 -0.90002803340206072     
                                        8 -0.91459805462783028     
                                        9 -0.91485661590462997     
                                       10 -0.92599644099745149     
                                       11 -0.93728508870345861     
                                       12 -0.94281976878295881     
                                       13 -0.94585979339620085     
                                       14 -0.94484875637492038     
                                       15 -0.95329743456219451     
                                       16 -0.94939578018892845     
                                       17 -0.95409815823171262     
                                       18 -0.96035533626365654     
                                       19 -0.95691444471224874     
                                       20 -0.95761286859125549     
                                       21 -0.95964412121858833     
                                       22 -0.96078367793940889     
                                       23 -0.96238643311342686     
                                       24 -0.96359789493514192     
                                       25 -0.96502773942877440     
                                       26 -0.96629458351732145     
                                       27 -0.96741246397574587     
                                       28 -0.96803548591748156     
                                       29 -0.97121828365587504     
                                       30 -0.97187248593628128     
                                       31 -0.97228335081640138     
                                       32 -0.97290795638041672     
                                       33 -0.97447229901141086     
                                       34 -0.97520883555510685     
                                       35 -0.97565527243109207     
                                       36 -0.97583397873413613     
                                       37 -0.97591573468749571     
                                       38 -0.97633550085955023     
                                       39 -0.97674164788729390     
                                       40 -0.97725156316132711     
                                       41 -0.97775038502510236     
                                       42 -0.97942923306167851     
                                       43 -0.97859686308920824     
                                       44 -0.97902858551392702     
                                       45 -0.97942941912102377     
                                       46 -0.97986420371596650     
                                       47 -0.98025027904183593     
                                       48 -0.98226867630215875     
                                       49 -0.98251085259754012     
                                       50 -0.98201092459530748     
                                       51 -0.98335394342467186     
                                       52 -0.98360818750728773     
                                       53 -0.98239448981160626     
                                       54 -0.98330359461022887     
                                       55 -0.98305020878777438     
                                       56 -0.98445571893439743     
                                       57 -0.98500874520045245     
                                       58 -0.98503123515793611     
                                       59 -0.98493826254258876     
                                       60 -0.98501708603977478     
                                       61 -0.98508906498717697     
                                       62 -0.98535454294469405     
                                       63 -0.98556113239085263     
                                       64 -0.98596469872961690     
                                       65 -0.98596342088295097     
                                       66 -0.98702586766922851     
                                       67 -0.98713780232878268     
                                       68 -0.98737517285348231     
                                       69 -0.98746558399253159     
                                       70 -0.98698649772025471     
                                       71 -0.98732294703024992     
                                       72 -0.98804088982228644     
                                       73 -0.98775074540862573     
                                       74 -0.98805350030404726     
                                       75 -0.98827447875388530     
                                       76 -0.98813429795984464     
                                       77 -0.98807602125211225     
                                       78 -0.98816834249272534     
                                       79 -0.98822491030782356     
                                       80 -0.98840920441838043     
                                       81 -0.98868204032187856     
                                       82 -0.98868874290285846     
                                       83 -0.98866889854030826     
                                       84 -0.98969729007022766     
                                       85 -0.98894867670641873     
                                       86 -0.98900871173575877     
                                       87 -0.98915687247740058     
                                       88 -0.98934296552337142     
                                       89 -0.98948223782270839     
                                       90 -0.99015795796704842     
                                       91 -0.99012006259240271     
                                       92 -0.99024575027814876     
                                       93 -0.99015277976672134     
                                       94 -0.99019222026402964     
                                       95 -0.99037705796975462     
                                       96 -0.99037992178995804     
                                       97 -0.99106612138311856     
                                       98 -0.99103497013721242     
                                       99 -0.99124224754789758     
                                      100 -0.99114480012095074     
                                      101 -0.99112438750637522     
                                      102 -0.99146420934127222     
                                      103 -0.99158145962396260     
                                      104 -0.99129708326673627     
                                      105 -0.99137133746467265     
                                      106 -0.99132159385161678     
                                      107 -0.99129254266286226     
                                      108 -0.99150916792490917     
                                      109 -0.99202176157134481     
                                      110 -0.99195675189101606     
                                      111 -0.99198515160506040     
                                      112 -0.99189717337576333     
                                      113 -0.99193440046386050     
                                      114 -0.99231244678963337     
                                      115 -0.99234013363500950     
                                      116 -0.99226486736321218     
                                      117 -0.99232985774447025     
                                      118 -0.99232081649183901     
                                      119 -0.99228972834306051     
                                      120 -0.99224916121917883     
                                      121 -0.99232548156500211     
                                      122 -0.99272845746306493     
                                      123 -0.99266419614964863     
                                      124 -0.99260610449580089     
                                      125 -0.99302018605909492     
                                      126 -0.99278172473722015     
                                      127 -0.99279515077940073     
                                      128 -0.99271613798778269     
                                      129 -0.99302599625880494     
                                      130 -0.99319402984459382     
                                      131 -0.99294077494151767     
                                      132 -0.99287676796185831     
                                      133 -0.99323063891317731     
                                      134 -0.99324762978907588     
                                      135 -0.99322751075030724     
                                      136 -0.99329739720633414     
                                      137 -0.99343096819379773     
                                      138 -0.99357551249266618     
                                      139 -0.99358791040174410     
                                      140 -0.99341673284478915     
                                      141 -0.99345726831494963     
                                      142 -0.99341470509055485     
                                      143 -0.99373005846195028     
                                      144 -0.99367915844810695     
                                      145 -0.99365510905461707     
                                      146 -0.99372305425313256     
                                      147 -0.99360609979165049     
                                      148 -0.99393987827955965     
                                      149 -0.99367853045038801     
                                      150 -0.99412310549622551     
                                      151 -0.99423291323978191     
                                      152 -0.99427033478224724     
                                      153 -0.99427777400805628     
                                      154 -0.99412571116083148     
                                      155 -0.99403594521086913     
                                      156 -0.99406072857005234     
                                      157 -0.99443136713324520     
                                      158 -0.99432691025150111     
                                      159 -0.99416502409084673     
                                      160 -0.99416247172090477     
                                      161 -0.99426421703335865     
                                      162 -0.99419064201830254     
                                      163 -0.99432360839123679     
                                      164 -0.99465102768236913     
                                      165 -0.99463401824847908     
                                      166 -0.99467664699884428     
                                      167 -0.99461179170310643     
                                      168 -0.99459676420266574     
                                      169 -0.99454432488372380     
                                      170 -0.99479995975694568     
                                      171 -0.99472924826659015     
                                      172 -0.99474284752835307     
                                      173 -0.99470216533262890     
                                      174 -0.99466271362594927     
                                      175 -0.99463352623185974     
                                      176 -0.99466625857370261     
                                      177 -0.99468849138625737     
                                      178 -0.99466943967263277     
                                      179 -0.99472330462532044     
                                      180 -0.99477314323735500     
                                      181 -0.99493947893695889     
                                      182 -0.99491752642005193     
                                      183 -0.99520940788313705     
                                      184 -0.99482045544477238     
                                      185 -0.99491117731703771     
                                      186 -0.99496858497756002     
                                      187 -0.99508186083423955     
                                      188 -0.99528968576118393     
                                      189 -0.99517929351279333     
                                      190 -0.99509007529551441     
                                      191 -0.99517234168232449     
                                      192 -0.99541448434107238     
                                      193 -0.99542979588375224     
                                      194 -0.99548045318976142     
                                      195 -0.99515343592653815     
                                      196 -0.99524222535444584     
                                      197 -0.99515422301090473     
                                      198 -0.99556948567023695     
                                      199 -0.99550577809406338     
                                      200 -0.99525163861240817     
                                      201 -0.99548775183822991     
                                      202 -0.99532897563774714     
                                      203 -0.99552426159209129     
                                      204 -0.99570772546935848     
                                      205 -0.99571641363004859     
                                      206 -0.99572227156831561     
                                      207 -0.99569685825680143     
                                      208 -0.99570471979715536     
                                      209 -0.99572780164251362     
                                      210 -0.99564588351255301     
                                      211 -0.99563765838420193     
                                      212 -0.99567512855161044     
                                      213 -0.99566385823583481     
                                      214 -0.99563198076360115     
                                      215 -0.99565577883118150     
                                      216 -0.99566172232798711     
                                      217 -0.99566810167707664     
                                      218 -0.99566791146892164     
                                      219 -0.99568300822314615     
                                      220 -0.99582945619995822     
                                      221 -0.99573134745463043     
                                      222 -0.99574731470446054     
                                      223 -0.99575687846635674     
                                      224 -0.99579498257540167     
                                      225 -0.99574448341862709     
                                      226 -0.99588605935526431     
                                      227 -0.99591532519882298     
                                      228 -0.99587711160600600     
                                      229 -0.99587538217144289     
                                      230 -0.99588558819152850     
                                      231 -0.99590504139853109     
                                      232 -0.99591803824253955     
                                      233 -0.99619260522319508     
                                      234 -0.99597535996943487     
                                      235 -0.99598974290579356     
                                      236 -0.99599216269126312     
                                      237 -0.99601379371541465     
                                      238 -0.99599979612960188     
                                      239 -0.99610087769134370     
                                      240 -0.99606303155257292     
                                      241 -0.99608403829298786     
                                      242 -0.99610623708568402     
                                      243 -0.99611495860982868     
                                      244 -0.99613922746438732     
                                      245 -0.99612923262427822     
                                      246 -0.99612301143615600     
                                      247 -0.99612626913111424     
                                      248 -0.99631800039686336     
                                      249 -0.99647510405821771     
                                      250 -0.99618572939706607     
                                      251 -0.99622981394950638     
                                      252 -0.99647306614134001     
                                      253 -0.99648463705289836     
                                      254 -0.99636579613661713     
                                      255 -0.99636481558862788     
                                      256 -0.99634925477987835     
                                      257 -0.99637716523436093     
                                      258 -0.99637216585451693     
                                      259 -0.99642994397429474     
                                      260 -0.99640117470713452     
                                      261 -0.99663136758486337     
                                      262 -0.99641594257773891     
                                      263 -0.99661852667072537     
                                      264 -0.99660677699629252     
                                      265 -0.99657474517938827     
                                      266 -0.99657535832360722     
                                      267 -0.99654718126292530     
                                      268 -0.99653295695569000     
                                      269 -0.99673256134005228     
                                      270 -0.99675644237781280     
                                      271 -0.99673310973414386     
                                      272 -0.99664106067426783     
                                      273 -0.99679013038465636     
                                      274 -0.99676945273090767     
                                      275 -0.99671073065051885     
                                      276 -0.99667334647965689     
                                      277 -0.99668128316357696     
                                      278 -0.99664179381282536     
                                      279 -0.99678749694439317     
                                      280 -0.99681726017919103     
                                      281 -0.99686831788231656     
                                      282 -0.99687079404585999     
                                      283 -0.99690131639742696     
                                      284 -0.99689849503447336     
                                      285 -0.99678216917692608     
                                      286 -0.99677141153768956     
                                      287 -0.99682316365156876     
                                      288 -0.99683163570937616     
                                      289 -0.99684720823342166     
                                      290 -0.99684337059441408     
                                      291 -0.99675346378250851     
                                      292 -0.99675547943389764     
                                      293 -0.99697425325175593     
                                      294 -0.99700186327553453     
                                      295 -0.99687470817407720     
                                      296 -0.99685207753147564     
                                      297 -0.99698639240422704     
                                      298 -0.99705365122787082     
                                      299 -0.99687126928038849     
                                      300 -0.99691337304974947     
                                      301 -0.99686718242419248     
                                      302 -0.99708162920377452     
                                      303 -0.99698269793209215     
                                      304 -0.99686010977555883     
                                      305 -0.99691207452846098     
                                      306 -0.99691959857705426     
                                      307 -0.99691453792461171     
                                      308 -0.99689667842109786     
                                      309 -0.99691758736540559     
                                      310 -0.99699617848364741     
                                      311 -0.99700484337065898     
                                      312 -0.99698689798990558     
                                      313 -0.99697087129783690     
                                      314 -0.99698230242106733     
                                      315 -0.99696787966305611     
                                      316 -0.99696319505008701     
                                      317 -0.99722236333418979     
                                      318 -0.99705262649343140     
                                      319 -0.99712577462001528     
                                      320 -0.99714022788643986     
                                      321 -0.99714983364444332     
                                      322 -0.99716285071653887     
                                      323 -0.99716029515459970     
                                      324 -0.99710651442537912     
                                      325 -0.99711627136474890     
                                      326 -0.99707774247920955     
                                      327 -0.99708616769642688     
                                      328 -0.99710300777495031     
                                      329 -0.99711148202223765     
                                      330 -0.99709807276421691     
                                      331 -0.99721686321604253     
                                      332 -0.99724883383351448     
                                      333 -0.99714095528369473     
                                      334 -0.99717278477801530     
                                      335 -0.99734645684986944     
                                      336 -0.99738418187003586     
                                      337 -0.99739230823840574     
                                      338 -0.99736743014557838     
                                      339 -0.99726220359908224     
                                      340 -0.99725740075530045     
                                      341 -0.99724730524935734     
                                      342 -0.99728798585663425     
                                      343 -0.99726961547190085     
                                      344 -0.99745017052459284     
                                      345 -0.99744238685852971     
                                      346 -0.99744665580527392     
                                      347 -0.99743826464588536     
                                      348 -0.99745202103970731     
                                      349 -0.99736738467291763     
                                      350 -0.99733146788209348     
                                      351 -0.99733727100062819     
                                      352 -0.99733515485884983     
                                      353 -0.99734705302258320     
                                      354 -0.99732961128467235     
                                      355 -0.99743734275061480     
                                      356 -0.99732373520307216     
                                      357 -0.99750384666197478     
                                      358 -0.99743256480363351     
                                      359 -0.99752832697623417     
                                      360 -0.99744044631766615     
                                      361 -0.99756621482736929     
                                      362 -0.99747625716356403     
                                      363 -0.99750720444268892     
                                      364 -0.99751200871484713     
                                      365 -0.99743826649719780     
                                      366 -0.99759819665135918     
                                      367 -0.99753819206726102     
                                      368 -0.99754117259698993     
                                      369 -0.99748797301118597     
                                      370 -0.99749243082123129     
                                      371 -0.99749138756300071     
                                      372 -0.99748443360009909     
                                      373 -0.99763612617107478     
                                      374 -0.99760960145167055     
                                      375 -0.99753755263071642     
                                      376 -0.99764342168501796     
                                      377 -0.99755535976481924     
                                      378 -0.99751669515038466     
                                      379 -0.99752259466184445     
                                      380 -0.99768583998064442     
                                      381 -0.99769064937286023     
                                      382 -0.99763805594191235     
                                      383 -0.99757490592453046     
                                      384 -0.99756583635377527     
                                      385 -0.99755831142905305     
                                      386 -0.99756471680893899     
                                      387 -0.99771191897174383     
                                      388 -0.99758529854755484     
                                      389 -0.99759886427732136     
                                      390 -0.99758780360234722     
                                      391 -0.99769848223734892     
                                      392 -0.99775371164294546     
                                      393 -0.99765898617522486     
                                      394 -0.99768895425873627     
                                      395 -0.99769118304382076     
                                      396 -0.99766745092833720     
                                      397 -0.99764633051151086     
                                      398 -0.99764125127411840     
                                      399 -0.99763681792381775     
                                      400 -0.99779913057975211     
                                      401 -0.99780189633066196     
                                      402 -0.99775581271033997     
                                      403 -0.99764993462935525     
                                      404 -0.99764413536746965     
                                      405 -0.99764898795333468     
                                      406 -0.99765500926339490     
                                      407 -0.99764784925505046     
                                      408 -0.99766633368503121     
                                      409 -0.99766717205916045     
                                      410 -0.99785775263805698     
                                      411 -0.99784084732955669     
                                      412 -0.99776756381866993     
                                      413 -0.99776863178209441     
                                      414 -0.99778521552186317     
                                      415 -0.99777630681294693     
                                      416 -0.99778769354532970     
                                      417 -0.99778080629377441     
                                      418 -0.99773962422850704     
                                      419 -0.99774901809786443     
                                      420 -0.99775794632061499     
                                      421 -0.99774848832211060     
                                      422 -0.99773546722325601     
                                      423 -0.99772898278441979     
                                      424 -0.99785090387281483     
                                      425 -0.99776733691565311     
                                      426 -0.99776460599819528     
                                      427 -0.99781044149038234     
                                      428 -0.99794827674769426     
                                      429 -0.99795286099728453     
                                      430 -0.99783971981933794     
                                      431 -0.99782725028619446     
                                      432 -0.99795992563094726     
                                      433 -0.99796049160934064     
                                      434 -0.99785706863492163     
                                      435 -0.99787113619079670     
                                      436 -0.99785807501137791     
                                      437 -0.99795910293384826     
                                      438 -0.99797133724114362     
                                      439 -0.99784592793817117     
                                      440 -0.99795642306519705     
                                      441 -0.99800848533071962     
                                      442 -0.99799512485310116     
                                      443 -0.99789923441779538     
                                      444 -0.99790406526897790     
                                      445 -0.99788837300740163     
                                      446 -0.99789392474776939     
                                      447 -0.99788444627672535     
                                      448 -0.99788012833330497     
                                      449 -0.99787112369345943     
                                      450 -0.99787102939623717     
                                      451 -0.99787155037215591     
                                      452 -0.99787689136161473     
                                      453 -0.99788523917880045     
                                      454 -0.99806276812057304     
                                      455 -0.99806831082928704     
                                      456 -0.99801013732439348     
                                      457 -0.99807078649583603     
                                      458 -0.99807957700702010     
                                      459 -0.99801008522583445     
                                      460 -0.99800869180036023     
                                      461 -0.99799932578758943     
                                      462 -0.99799232747253075     
                                      463 -0.99797334629369738     
                                      464 -0.99797868798261757     
                                      465 -0.99808518087278308     
                                      466 -0.99810041016684536     
                                      467 -0.99796555653392027     
                                      468 -0.99800301557886228     
                                      469 -0.99802134146732557     
                                      470 -0.99805877678935795     
                                      471 -0.99801090807827020     
                                      472 -0.99813334902499351     
                                      473 -0.99813976204963395     
                                      474 -0.99814466837276983     
                                      475 -0.99814754791312743     
                                      476 -0.99813090439444740     
                                      477 -0.99813359093442233     
                                      478 -0.99809793042829731     
                                      479 -0.99805676053253645     
                                      480 -0.99804204011644126     
                                      481 -0.99803121508837955     
                                      482 -0.99803174610485590     
                                      483 -0.99803359913851020     
                                      484 -0.99817450669469665     
                                      485 -0.99805682707532006     
                                      486 -0.99813918423138315     
                                      487 -0.99818002305869091     
                                      488 -0.99809153454921828     
                                      489 -0.99815240890366863     
                                      490 -0.99815793143733289     
                                      491 -0.99813052694440330     
                                      492 -0.99810885126321192     
                                      493 -0.99807981470972051     
                                      494 -0.99808356397952436     
                                      495 -0.99808064111650463     
                                      496 -0.99807985800744081     
                                      497 -0.99807735282280141     
                                      498 -0.99807539407119017     
                                      499 -0.99807950252667532     
                                      500 -0.99808688721289240     
                                      501 -0.99809225367018339     
                                      502 -0.99809420226550682     
                                      503 -0.99808290488549478     
                                      504 -0.99812684319764455     
                                      505 -0.99824462223011723     
                                      506 -0.99825343742452266     
                                      507 -0.99815064939607157     
                                      508 -0.99815348233565981     
                                      509 -0.99815843963654538     
                                      510 -0.99816061291214209     
                                      511 -0.99814194055150807     
                                      512 -0.99814638158034086     
                                      513 -0.99820969183207231     
                                      514 -0.99817549224955127     
                                      515 -0.99826850346535334     
                                      516 -0.99828561408873984     
                                      517 -0.99827597614006824     
                                      518 -0.99821624044311275     
                                      519 -0.99822209750189728     
                                      520 -0.99817194621392646     
                                      521 -0.99818256846976361     
                                      522 -0.99820428834665720     
                                      523 -0.99819884024766647     
                                      524 -0.99818372065574323     
                                      525 -0.99824786943979993     
                                      526 -0.99830784419560636     
                                      527 -0.99832936791489479     
                                      528 -0.99833250535883933     
                                      529 -0.99832924092236752     
                                      530 -0.99830028282356786     
                                      531 -0.99828305370540849     
                                      532 -0.99824891006916605     
                                      533 -0.99826289453600481     
                                      534 -0.99833992007529093     
                                      535 -0.99835218002060377     
                                      536 -0.99830863749422982     
                                      537 -0.99830089676650846     
                                      538 -0.99830882390846098     
                                      539 -0.99827525637280290     
                                      540 -0.99834254107927134     
                                      541 -0.99834192387548515     
                                      542 -0.99830849075098893     
                                      543 -0.99829172188274329     
                                      544 -0.99826673646588249     
                                      545 -0.99827129628605171     
                                      546 -0.99830131016245194     
                                      547 -0.99830580944946223     
                                      548 -0.99827900744241949     
                                      549 -0.99827199005642409     
                                      550 -0.99826793135811176     
                                      551 -0.99838542156177867     
                                      552 -0.99829802093993603     
                                      553 -0.99838898598693049     
                                      554 -0.99835770171070082     
                                      555 -0.99834401538364992     
                                      556 -0.99841892294177004     
                                      557 -0.99840849588809022     
                                      558 -0.99840282162695559     
                                      559 -0.99841986490762724     
                                      560 -0.99841696011645342     
                                      561 -0.99843014551434228     
                                      562 -0.99842457419181496     
                                      563 -0.99842354099703345     
                                      564 -0.99842190104197226     
                                      565 -0.99844398923693323     
                                      566 -0.99844520097065292     
                                      567 -0.99842331073552393     
                                      568 -0.99842585946571705     
                                      569 -0.99839471322146567     
                                      570 -0.99837992337728065     
                                      571 -0.99842128613013048     
                                      572 -0.99842000049302271     
                                      573 -0.99838012729530878     
                                      574 -0.99846340604522732     
                                      575 -0.99841542603593258     
                                      576 -0.99840032789985889     
                                      577 -0.99844487731534126     
                                      578 -0.99838871179204725     
                                      579 -0.99846414474831813     
                                      580 -0.99836856263252227     
                                      581 -0.99836925497759621     
                                      582 -0.99846633526467121     
                                      583 -0.99848067203603497     
                                      584 -0.99842629101158675     
                                      585 -0.99840899504392677     
                                      586 -0.99840315495214793     
                                      587 -0.99843139970211137     
                                      588 -0.99843635183151602     
                                      589 -0.99842751606573754     
                                      590 -0.99841941935377132     
                                      591 -0.99842066427023413     
                                      592 -0.99844534962068876     
                                      593 -0.99845127719906468     
                                      594 -0.99844937123323207     
                                      595 -0.99843968372481184     
                                      596 -0.99842635775188038     
                                      597 -0.99841350717291122     
                                      598 -0.99840983686280504     
                                      599 -0.99841555247730496     
                                      600 -0.99841795554127288     
                                      601 -0.99841899370166454     
                                      602 -0.99841453604726293     
                                      603 -0.99841141149558876     
                                      604 -0.99849545606802825     
                                      605 -0.99845461623925091     
                                      606 -0.99842231554053307     
                                      607 -0.99842307795163732     
                                      608 -0.99842883132680438     
                                      609 -0.99848492531648381     
                                      610 -0.99855842974102726     
                                      611 -0.99854908641205309     
                                      612 -0.99853162170709420     
                                      613 -0.99853255717681655     
                                      614 -0.99847699437285453     
                                      615 -0.99847825643839117     
                                      616 -0.99848170225651833     
                                      617 -0.99848453093267053     
                                      618 -0.99856543003322551     
                                      619 -0.99849068198469948     
                                      620 -0.99848017592339866     
                                      621 -0.99848608153076146     
                                      622 -0.99856455371980102     
                                      623 -0.99858652218514654     
                                      624 -0.99849835975110834     
                                      625 -0.99847005141393863     
                                      626 -0.99846633583132161     
                                      627 -0.99846595569008578     
                                      628 -0.99859293938715521     
                                      629 -0.99859248494713715     
                                      630 -0.99853220833485623     
                                      631 -0.99853487886703551     
                                      632 -0.99851258194509240     
                                      633 -0.99851268598135545     
                                      634 -0.99860726908251096     
                                      635 -0.99860413339691656     
                                      636 -0.99861496267814931     
                                      637 -0.99855260004530177     
                                      638 -0.99862149843985859     
                                      639 -0.99862126593800637     
                                      640 -0.99860989400934519     
                                      641 -0.99858380937446944     
                                      642 -0.99854223240073214     
                                      643 -0.99861765730956009     
                                      644 -0.99853540601972568     
                                      645 -0.99862632105162941     
                                      646 -0.99863851697763850     
                                      647 -0.99863910536452649     
                                      648 -0.99864185260581328     
                                      649 -0.99863311550908918     
                                      650 -0.99863347350871878     
                                      651 -0.99856257007392324     
                                      652 -0.99856323961610216     
                                      653 -0.99863519583836691     
                                      654 -0.99864823501784372     
                                      655 -0.99862008872581121     
                                      656 -0.99856430924229855     
                                      657 -0.99864779802397763     
                                      658 -0.99863423793497719     
                                      659 -0.99859655108230883     
                                      660 -0.99859703863246141     
                                      661 -0.99858311770023322     
                                      662 -0.99857959321653811     
                                      663 -0.99861053147964052     
                                      664 -0.99857907664850898     
                                      665 -0.99859216819849661     
                                      666 -0.99856327592296001     
                                      667 -0.99856051432828219     
                                      668 -0.99865699843131883     
                                      669 -0.99867921081233235     
                                      670 -0.99859566022879265     
                                      671 -0.99858929374976335     
                                      672 -0.99859930710899103     
                                      673 -0.99860737783987086     
                                      674 -0.99859706662521142     
                                      675 -0.99869004593900201     
                                      676 -0.99869648628625740     
                                      677 -0.99864973863351247     
                                      678 -0.99864683179520042     
                                      679 -0.99861092281332176     
                                      680 -0.99867307598783939     
                                      681 -0.99863036346463829     
                                      682 -0.99862854486960972     
                                      683 -0.99861764767845917     
                                      684 -0.99862939232252523     
                                      685 -0.99863992655546341     
                                      686 -0.99862031456455436     
                                      687 -0.99862316527455319     
                                      688 -0.99863301711024743     
                                      689 -0.99863101806105892     
                                      690 -0.99863451041955886     
                                      691 -0.99862538535956369     
                                      692 -0.99872875936817052     
                                      693 -0.99872854960955326     
                                      694 -0.99865112415020807     
                                      695 -0.99870505452682334     
                                      696 -0.99864473113286445     
                                      697 -0.99863758378407197     
                                      698 -0.99863091008095695     
                                      699 -0.99873260813834086     
                                      700 -0.99863284867508562     
                                      701 -0.99871218313623777     
                                      702 -0.99870788237216113     
                                      703 -0.99872814916729857     
                                      704 -0.99868623202795725     
                                      705 -0.99867563702474282     
                                      706 -0.99866500541800840     
                                      707 -0.99869655234424470     
                                      708 -0.99866691141892150     
                                      709 -0.99866287118962083     
                                      710 -0.99867426521159597     
                                      711 -0.99867383049717207     
                                      712 -0.99866032798896998     
                                      713 -0.99864865422116966     
                                      714 -0.99866878540925041     
                                      715 -0.99875929287254472     
                                      716 -0.99876757663458304     
                                      717 -0.99868455390867372     
                                      718 -0.99875868041450455     
                                      719 -0.99876584625931664     
                                      720 -0.99877191701069823     
                                      721 -0.99872429226033921     
                                      722 -0.99871246993335006     
                                      723 -0.99871245328714986     
                                      724 -0.99871154038700460     
                                      725 -0.99869566053120440     
                                      726 -0.99868814631544800     
                                      727 -0.99868466201884554     
                                      728 -0.99868659646308744     
                                      729 -0.99868074841880672     
                                      730 -0.99868465779653126     
                                      731 -0.99868837260975252     
                                      732 -0.99868693359797456     
                                      733 -0.99868729374759602     
                                      734 -0.99868776204892318     
                                      735 -0.99868191460553601     
                                      736 -0.99875945061028426     
                                      737 -0.99869737792893276     
                                      738 -0.99870176674462774     
                                      739 -0.99870062811844806     
                                      740 -0.99877588639964354     
                                      741 -0.99875764463934891     
                                      742 -0.99874810473485442     
                                      743 -0.99881578389464409     
                                      744 -0.99872056569823109     
                                      745 -0.99872225744285925     
                                      746 -0.99872492664100809     
                                      747 -0.99871712768627763     
                                      748 -0.99876200620315092     
                                      749 -0.99875184493850411     
                                      750 -0.99882486121678427     
                                      751 -0.99875489630411673     
                                      752 -0.99879708417809587     
                                      753 -0.99878187366101789     
                                      754 -0.99874811589140866     
                                      755 -0.99874829115456576     
                                      756 -0.99877243771835433     
                                      757 -0.99883364639711136     
                                      758 -0.99883807451645967     
                                      759 -0.99883572202102189     
                                      760 -0.99884215943006271     
                                      761 -0.99878990027816283     
                                      762 -0.99878447276568361     
                                      763 -0.99878480208293019     
                                      764 -0.99875927716897006     
                                      765 -0.99875937756239019     
                                      766 -0.99884991694632619     
                                      767 -0.99883262475797008     
                                      768 -0.99876055592903723     
                                      769 -0.99876441945006189     
                                      770 -0.99878697935074223     
                                      771 -0.99877302879733809     
                                      772 -0.99878440591978546     
                                      773 -0.99876828592908407     
                                      774 -0.99876980633409329     
                                      775 -0.99878019125179840     
                                      776 -0.99876587944409179     
                                      777 -0.99886237217332818     
                                      778 -0.99878677622862666     
                                      779 -0.99886043038822181     
                                      780 -0.99879415239239733     
                                      781 -0.99878813465208538     
                                      782 -0.99879896117070399     
                                      783 -0.99878576652507411     
                                      784 -0.99885663322561069     
                                      785 -0.99881427333401640     
                                      786 -0.99883738705065050     
                                      787 -0.99881240233532509     
                                      788 -0.99882816057417023     
                                      789 -0.99881609127661741     
                                      790 -0.99880783926072547     
                                      791 -0.99881287485660208     
                                      792 -0.99882462600166155     
                                      793 -0.99883305444842208     
                                      794 -0.99880758693110261     
                                      795 -0.99880263558430904     
                                      796 -0.99879337618852315     
                                      797 -0.99879683280482323     
                                      798 -0.99879456390713661     
                                      799 -0.99879292112559281     
                                      800 -0.99880830027430456     
                                      801 -0.99880471279324845     
                                      802 -0.99880065754184610     
                                      803 -0.99879523062164477     
                                      804 -0.99890117938942558     
                                      805 -0.99886659846867998     
                                      806 -0.99887815343848640     
                                      807 -0.99887151327590640     
                                      808 -0.99885877030313774     
                                      809 -0.99884037596475239     
                                      810 -0.99884493103447058     
                                      811 -0.99883080703549776     
                                      812 -0.99882788225555552     
                                      813 -0.99882897302293439     
                                      814 -0.99882859195181395     
                                      815 -0.99883390503041347     
                                      816 -0.99891244301703153     
                                      817 -0.99891101436949914     
                                      818 -0.99892409634330592     
                                      819 -0.99892311940936396     
                                      820 -0.99891424327966494     
                                      821 -0.99889331647566126     
                                      822 -0.99887566511148473     
                                      823 -0.99886530101425186     
                                      824 -0.99886153528193267     
                                      825 -0.99885335013852028     
                                      826 -0.99885222205866919     
                                      827 -0.99893151051882645     
                                      828 -0.99885336727453933     
                                      829 -0.99884674496598402     
                                      830 -0.99884725229517179     
                                      831 -0.99883978705502230     
                                      832 -0.99884130794881332     
                                      833 -0.99886101781733028     
                                      834 -0.99884743529072106     
                                      835 -0.99884802068990153     
                                      836 -0.99884866153841179     
                                      837 -0.99885535386422097     
                                      838 -0.99885791598283968     
                                      839 -0.99888953328937369     
                                      840 -0.99888049626448394     
                                      841 -0.99889856106612007     
                                      842 -0.99888557721579685     
                                      843 -0.99888125621605883     
                                      844 -0.99887335032880586     
                                      845 -0.99887894124142440     
                                      846 -0.99890463705247912     
                                      847 -0.99889859140209225     
                                      848 -0.99889588035317256     
                                      849 -0.99891048013061323     
                                      850 -0.99889875114782589     
                                      851 -0.99896571981420068     
                                      852 -0.99896681921300157     
                                      853 -0.99894848486513965     
                                      854 -0.99891399202042919     
                                      855 -0.99890091873624420     
                                      856 -0.99893363557355275     
                                      857 -0.99893954458016609     
                                      858 -0.99892267717901551     
                                      859 -0.99897371206689667     
                                      860 -0.99891692039784574     
                                      861 -0.99891682705546569     
                                      862 -0.99891712188733306     
                                      863 -0.99890670108279900     
                                      864 -0.99890018083233467     
                                      865 -0.99889687388605530     
                                      866 -0.99890052484378444     
                                      867 -0.99889718937726646     
                                      868 -0.99890047440721652     
                                      869 -0.99889750066725469     
                                      870 -0.99889502400159802     
                                      871 -0.99889718662696947     
                                      872 -0.99895185556538535     
                                      873 -0.99894048445648931     
                                      874 -0.99899275393002607     
                                      875 -0.99899372339778214     
                                      876 -0.99897458955793939     
                                      877 -0.99896457100271507     
                                      878 -0.99896605560773100     
                                      879 -0.99897321902263003     
                                      880 -0.99894997697880750     
                                      881 -0.99895254770621922     
                                      882 -0.99895184386231251     
                                      883 -0.99895033324561000     
                                      884 -0.99897000556563387     
                                      885 -0.99893870221199177     
                                      886 -0.99895093173928706     
                                      887 -0.99900467337732901     
                                      888 -0.99900674598575057     
                                      889 -0.99900575115301671     
                                      890 -0.99894137960962581     
                                      891 -0.99895816530594839     
                                      892 -0.99895126517157284     
                                      893 -0.99895430381566908     
                                      894 -0.99895669149376953     
                                      895 -0.99895448846090196     
                                      896 -0.99895542497939338     
                                      897 -0.99893993429980243     
                                      898 -0.99894027344703307     
                                      899 -0.99893881177504340     
                                      900 -0.99893328387161218     
                                      901 -0.99900862049046568     
                                      902 -0.99897000592705887     
                                      903 -0.99895572337006733     
                                      904 -0.99894791000317584     
                                      905 -0.99894359712008163     
                                      906 -0.99894510673590120     
                                      907 -0.99894387725694611     
                                      908 -0.99894409371903781     
                                      909 -0.99894376440865229     
                                      910 -0.99895100468136366     
                                      911 -0.99895040805599677     
                                      912 -0.99902527429124433     
                                      913 -0.99902385024083484     
                                      914 -0.99902681406246496     
                                      915 -0.99903790512706092     
                                      916 -0.99903875670398379     
                                      917 -0.99903293715443697     
                                      918 -0.99902645766570375     
                                      919 -0.99898626349157327     
                                      920 -0.99900467870292520     
                                      921 -0.99899250248451177     
                                      922 -0.99898359415659033     
                                      923 -0.99897121524168575     
                                      924 -0.99896848771543900     
                                      925 -0.99899391067409715     
                                      926 -0.99899149736675041     
                                      927 -0.99904460753879654     
                                      928 -0.99899983162583283     
                                      929 -0.99899118863654202     
                                      930 -0.99898518226570976     
                                      931 -0.99898059436353825     
                                      932 -0.99899173056493051     
                                      933 -0.99898525726526899     
                                      934 -0.99905494089759250     
                                      935 -0.99903926062620363     
                                      936 -0.99901102369920569     
                                      937 -0.99904797280038571     
                                      938 -0.99901630154448950     
                                      939 -0.99901011020521813     
                                      940 -0.99899800143247852     
                                      941 -0.99902624249682026     
                                      942 -0.99900849209114395     
                                      943 -0.99900342393567720     
                                      944 -0.99906401407026557     
                                      945 -0.99906482915695083     
                                      946 -0.99904526825081308     
                                      947 -0.99906875302797760     
                                      948 -0.99902981307171357     
                                      949 -0.99901653989971262     
                                      950 -0.99902849802356031     
                                      951 -0.99901076753276596     
                                      952 -0.99901266117074372     
                                      953 -0.99900871406946401     
                                      954 -0.99900528393881338     
                                      955 -0.99905533150968684     
                                      956 -0.99905257092271360     
                                      957 -0.99903384486357794     
                                      958 -0.99902183605260964     
                                      959 -0.99902652835557826     
                                      960 -0.99903136029387229     
                                      961 -0.99901306858712380     
                                      962 -0.99901045216609607     
                                      963 -0.99907270721595542     
                                      964 -0.99904179902155343     
                                      965 -0.99906158156396196     
                                      966 -0.99908552854484356     
                                      967 -0.99908762340344692     
                                      968 -0.99908873127123821     
                                      969 -0.99906326447685867     
                                      970 -0.99904113229513847     
                                      971 -0.99903915498666851     
                                      972 -0.99903424804604180     
                                      973 -0.99903961159726518     
                                      974 -0.99903114063503484     
                                      975 -0.99903814373885913     
                                      976 -0.99902559202800056     
                                      977 -0.99902669178169312     
                                      978 -0.99902679087919422     
                                      979 -0.99902123682980015     
                                      980 -0.99901977501685457     
                                      981 -0.99901874153071124     
                                      982 -0.99902042110162026     
                                      983 -0.99904149892243677     
                                      984 -0.99903939183250723     
                                      985 -0.99902764918471976     
                                      986 -0.99909297730556035     
                                      987 -0.99909720658263301     
                                      988 -0.99906728874678041     
                                      989 -0.99910169361727330     
                                      990 -0.99910094245675440     
                                      991 -0.99906778303587485     
                                      992 -0.99905865493146206     
                                      993 -0.99905104823298563     
                                      994 -0.99904354064601797     
                                      995 -0.99905811949977563     
                                      996 -0.99904391747284871     
                                      997 -0.99904100224968762     
                                      998 -0.99903769899048900     
                                      999 -0.99911754639493255     
                                     1000 -0.99911815298636664     
