                                        1 -0.83333333333333393     
                                        2 -0.91666666666666685     
                                        3 -0.95833333333333570     
                                        4 -0.97916666666666874     
                                        5 -0.98958333333333648     
                                        6 -0.99479166666666952     
                                        7 -0.99739583333333581     
                                        8 -0.99869791666666841     
                                        9 -0.99934895833333270     
                                       10 -0.99967447916666663     
                                       11 -0.99983723958333537     
                                       12 -0.99991861979166996     
                                       13 -0.99995930989583581     
                                       14 -0.99997965494792218     
                                       15 -0.99998982747396203     
                                       16 -0.99999491373698579     
                                       17 -0.99999745686849606     
                                       18 -0.99999872843425186     
                                       19 -0.99999936421713009     
                                       20 -0.99999968210856893     
                                       21 -0.99999984105428774     
                                       22 -0.99999992052714892     
                                       23 -0.99999996026357740     
                                       24 -0.99999998013179436     
                                       25 -0.99999999006590123     
                                       26 -0.99999999503295456     
                                       27 -0.99999999751648172     
                                       28 -0.99999999875824264     
                                       29 -0.99999999937912643     
                                       30 -0.99999999968956610     
                                       31 -0.99999999984478671     
                                       32 -0.99999999992239719     
                                       33 -0.99999999996120570     
                                       34 -0.99999999998060884     
                                       35 -0.99999999999030997     
                                       36 -0.99999999999515909     
                                       37 -0.99999999999758826     
                                       38 -0.99999999999880140     
                                       39 -0.99999999999940625     
                                       40 -0.99999999999970779     
                                       41 -0.99999999999986000     
                                       42 -0.99999999999993661     
                                       43 -0.99999999999997558     
                                       44 -0.99999999999999434     
                                       45  -1.0000000000000042     
                                       46  -1.0000000000000082     
                                       47  -1.0000000000000142     
                                       48  -1.0000000000000160     
                                       49  -1.0000000000000167     
                                       50  -1.0000000000000175     
                                       51  -1.0000000000000189     
                                       52  -1.0000000000000195     
                                       53  -1.0000000000000207     
                                       54  -1.0000000000000220     
                                       55  -1.0000000000000235     
                                       56  -1.0000000000000251     
                                       57  -1.0000000000000260     
                                       58  -1.0000000000000269     
                                       59  -1.0000000000000269     
                                       60  -1.0000000000000280     
                                       61  -1.0000000000000291     
                                       62  -1.0000000000000309     
                                       63  -1.0000000000000313     
                                       64  -1.0000000000000322     
                                       65  -1.0000000000000322     
                                       66  -1.0000000000000338     
                                       67  -1.0000000000000335     
                                       68  -1.0000000000000344     
                                       69  -1.0000000000000349     
                                       70  -1.0000000000000362     
                                       71  -1.0000000000000373     
                                       72  -1.0000000000000384     
                                       73  -1.0000000000000395     
                                       74  -1.0000000000000409     
                                       75  -1.0000000000000422     
                                       76  -1.0000000000000431     
                                       77  -1.0000000000000444     
                                       78  -1.0000000000000460     
                                       79  -1.0000000000000469     
                                       80  -1.0000000000000491     
                                       81  -1.0000000000000493     
                                       82  -1.0000000000000497     
                                       83  -1.0000000000000511     
                                       84  -1.0000000000000520     
                                       85  -1.0000000000000540     
                                       86  -1.0000000000000542     
                                       87  -1.0000000000000555     
                                       88  -1.0000000000000566     
                                       89  -1.0000000000000580     
                                       90  -1.0000000000000591     
                                       91  -1.0000000000000606     
                                       92  -1.0000000000000617     
                                       93  -1.0000000000000628     
                                       94  -1.0000000000000639     
                                       95  -1.0000000000000653     
                                       96  -1.0000000000000655     
                                       97  -1.0000000000000664     
                                       98  -1.0000000000000677     
                                       99  -1.0000000000000693     
                                      100  -1.0000000000000711     
